  0.00000E+00  0.00000E+00  0.00000E+00  0.00000E+00  0.00000E+00  0.00000E+00  0.00000E+00  0.00000E+00  0.00000E+00  0.00000E+00  0.00000E+00  0.00000E+00  0.00000E+00  0.00000E+00  0.00000E+00  0.00000E+00  0.00000E+00  0.00000E+00  0.00000E+00  0.00000E+00  0.00000E+00  0.00000E+00  0.00000E+00  0.00000E+00  0.00000E+00  0.00000E+00  0.00000E+00  0.00000E+00  0.00000E+00  0.00000E+00  0.00000E+00  0.00000E+00  0.00000E+00  0.00000E+00  0.00000E+00  0.00000E+00  0.00000E+00  0.00000E+00  0.00000E+00  0.00000E+00  0.00000E+00  0.00000E+00  0.00000E+00  0.00000E+00  0.00000E+00  0.00000E+00  0.00000E+00  0.00000E+00  0.00000E+00  0.00000E+00  0.00000E+00  0.00000E+00  0.00000E+00  0.00000E+00  0.00000E+00  0.00000E+00  0.00000E+00  0.00000E+00  0.00000E+00  0.00000E+00  0.00000E+00  0.00000E+00  0.00000E+00  0.00000E+00  0.00000E+00  0.00000E+00  0.00000E+00  0.00000E+00  0.00000E+00  0.00000E+00  0.00000E+00  0.00000E+00  0.00000E+00  0.00000E+00  0.00000E+00  0.00000E+00  0.00000E+00  0.00000E+00  0.00000E+00  0.00000E+00  0.00000E+00  0.00000E+00  0.00000E+00  0.00000E+00  0.00000E+00  0.00000E+00  0.00000E+00  0.00000E+00  0.00000E+00  0.00000E+00  0.00000E+00  0.00000E+00  0.00000E+00  0.00000E+00  0.00000E+00  0.00000E+00  0.00000E+00  0.00000E+00  0.00000E+00  0.00000E+00  0.00000E+00  0.00000E+00  0.00000E+00  0.00000E+00  0.00000E+00  0.00000E+00  0.00000E+00  0.00000E+00  0.00000E+00  0.00000E+00  0.00000E+00  0.00000E+00  0.00000E+00  0.00000E+00  0.00000E+00  0.00000E+00  0.00000E+00  0.00000E+00  0.00000E+00  0.00000E+00  0.00000E+00  0.00000E+00  0.00000E+00  0.00000E+00  0.00000E+00  0.00000E+00  0.00000E+00  0.00000E+00  0.00000E+00
  0.00000E+00 -6.67759E-05 -1.33552E-04 -2.00328E-04 -2.67103E-04 -3.33877E-04 -4.00648E-04 -4.67414E-04 -5.34172E-04 -6.00918E-04 -6.67648E-04 -7.34354E-04 -8.01029E-04 -8.67664E-04 -9.34248E-04 -1.00077E-03 -1.06721E-03 -1.13355E-03 -1.19979E-03 -1.26588E-03 -1.33182E-03 -1.39757E-03 -1.46310E-03 -1.52839E-03 -1.59340E-03 -1.65809E-03 -1.72242E-03 -1.78634E-03 -1.84982E-03 -1.91280E-03 -1.97523E-03 -2.03705E-03 -2.09820E-03 -2.15863E-03 -2.21826E-03 -2.27704E-03 -2.33488E-03 -2.39172E-03 -2.44747E-03 -2.50208E-03 -2.55544E-03 -2.60750E-03 -2.65815E-03 -2.70732E-03 -2.75492E-03 -2.80088E-03 -2.84510E-03 -2.88750E-03 -2.92800E-03 -2.96652E-03 -3.00299E-03 -3.03731E-03 -3.06942E-03 -3.09925E-03 -3.12673E-03 -3.15179E-03 -3.17438E-03 -3.19445E-03 -3.21194E-03 -3.22682E-03 -3.23904E-03 -3.24858E-03 -3.25541E-03 -3.25951E-03 -3.26088E-03 -3.25951E-03 -3.25541E-03 -3.24858E-03 -3.23904E-03 -3.22682E-03 -3.21195E-03 -3.19446E-03 -3.17439E-03 -3.15180E-03 -3.12673E-03 -3.09926E-03 -3.06943E-03 -3.03732E-03 -3.00299E-03 -2.96653E-03 -2.92801E-03 -2.88751E-03 -2.84510E-03 -2.80088E-03 -2.75493E-03 -2.70732E-03 -2.65815E-03 -2.60750E-03 -2.55545E-03 -2.50208E-03 -2.44748E-03 -2.39172E-03 -2.33488E-03 -2.27704E-03 -2.21827E-03 -2.15863E-03 -2.09821E-03 -2.03705E-03 -1.97523E-03 -1.91280E-03 -1.84982E-03 -1.78635E-03 -1.72242E-03 -1.65809E-03 -1.59340E-03 -1.52839E-03 -1.46310E-03 -1.39757E-03 -1.33182E-03 -1.26588E-03 -1.19979E-03 -1.13356E-03 -1.06721E-03 -1.00077E-03 -9.34249E-04 -8.67665E-04 -8.01030E-04 -7.34355E-04 -6.67648E-04 -6.00919E-04 -5.34172E-04 -4.67414E-04 -4.00648E-04 -3.33877E-04 -2.67103E-04 -2.00328E-04 -1.33552E-04 -6.67760E-05  0.00000E+00
  0.00000E+00 -1.33552E-04 -2.67104E-04 -4.00656E-04 -5.34207E-04 -6.67756E-04 -8.01300E-04 -9.34835E-04 -1.06836E-03 -1.20185E-03 -1.33532E-03 -1.46874E-03 -1.60210E-03 -1.73538E-03 -1.86856E-03 -2.00161E-03 -2.13451E-03 -2.26722E-03 -2.39971E-03 -2.53192E-03 -2.66382E-03 -2.79535E-03 -2.92645E-03 -3.05706E-03 -3.18711E-03 -3.31653E-03 -3.44523E-03 -3.57313E-03 -3.70014E-03 -3.82615E-03 -3.95106E-03 -4.07476E-03 -4.19713E-03 -4.31805E-03 -4.43739E-03 -4.55500E-03 -4.67076E-03 -4.78451E-03 -4.89611E-03 -5.00539E-03 -5.11221E-03 -5.21639E-03 -5.31778E-03 -5.41620E-03 -5.51149E-03 -5.60349E-03 -5.69201E-03 -5.77690E-03 -5.85799E-03 -5.93511E-03 -6.00811E-03 -6.07683E-03 -6.14112E-03 -6.20085E-03 -6.25587E-03 -6.30605E-03 -6.35129E-03 -6.39147E-03 -6.42650E-03 -6.45629E-03 -6.48076E-03 -6.49986E-03 -6.51354E-03 -6.52176E-03 -6.52450E-03 -6.52176E-03 -6.51354E-03 -6.49987E-03 -6.48077E-03 -6.45630E-03 -6.42651E-03 -6.39148E-03 -6.35131E-03 -6.30607E-03 -6.25588E-03 -6.20086E-03 -6.14114E-03 -6.07685E-03 -6.00813E-03 -5.93513E-03 -5.85800E-03 -5.77692E-03 -5.69203E-03 -5.60350E-03 -5.51151E-03 -5.41621E-03 -5.31779E-03 -5.21640E-03 -5.11222E-03 -5.00540E-03 -4.89612E-03 -4.78452E-03 -4.67077E-03 -4.55501E-03 -4.43740E-03 -4.31806E-03 -4.19714E-03 -4.07477E-03 -3.95107E-03 -3.82616E-03 -3.70015E-03 -3.57314E-03 -3.44524E-03 -3.31654E-03 -3.18712E-03 -3.05706E-03 -2.92645E-03 -2.79535E-03 -2.66382E-03 -2.53192E-03 -2.39971E-03 -2.26723E-03 -2.13452E-03 -2.00162E-03 -1.86856E-03 -1.73538E-03 -1.60210E-03 -1.46874E-03 -1.33532E-03 -1.20185E-03 -1.06836E-03 -9.34836E-04 -8.01301E-04 -6.67757E-04 -5.34208E-04 -4.00656E-04 -2.67104E-04 -1.33552E-04  0.00000E+00
  0.00000E+00 -2.00328E-04 -4.00656E-04 -6.00985E-04 -8.01314E-04 -1.00164E-03 -1.20196E-03 -1.40227E-03 -1.60256E-03 -1.80282E-03 -2.00304E-03 -2.20318E-03 -2.40325E-03 -2.60320E-03 -2.80300E-03 -3.00262E-03 -3.20201E-03 -3.40112E-03 -3.59990E-03 -3.79828E-03 -3.99619E-03 -4.19356E-03 -4.39029E-03 -4.58629E-03 -4.78146E-03 -4.97569E-03 -5.16885E-03 -5.36082E-03 -5.55145E-03 -5.74060E-03 -5.92811E-03 -6.11381E-03 -6.29752E-03 -6.47906E-03 -6.65823E-03 -6.83483E-03 -7.00865E-03 -7.17946E-03 -7.34705E-03 -7.51117E-03 -7.67160E-03 -7.82808E-03 -7.98037E-03 -8.12821E-03 -8.27136E-03 -8.40956E-03 -8.54256E-03 -8.67010E-03 -8.79193E-03 -8.90782E-03 -9.01751E-03 -9.12078E-03 -9.21740E-03 -9.30715E-03 -9.38984E-03 -9.46527E-03 -9.53326E-03 -9.59365E-03 -9.64630E-03 -9.69107E-03 -9.72786E-03 -9.75657E-03 -9.77713E-03 -9.78948E-03 -9.79361E-03 -9.78949E-03 -9.77713E-03 -9.75657E-03 -9.72787E-03 -9.69108E-03 -9.64631E-03 -9.59367E-03 -9.53328E-03 -9.46529E-03 -9.38986E-03 -9.30718E-03 -9.21742E-03 -9.12080E-03 -9.01754E-03 -8.90784E-03 -8.79196E-03 -8.67013E-03 -8.54259E-03 -8.40959E-03 -8.27139E-03 -8.12824E-03 -7.98039E-03 -7.82810E-03 -7.67162E-03 -7.51119E-03 -7.34706E-03 -7.17948E-03 -7.00866E-03 -6.83484E-03 -6.65824E-03 -6.47907E-03 -6.29753E-03 -6.11382E-03 -5.92812E-03 -5.74061E-03 -5.55146E-03 -5.36083E-03 -5.16886E-03 -4.97570E-03 -4.78147E-03 -4.58630E-03 -4.39029E-03 -4.19356E-03 -3.99619E-03 -3.79828E-03 -3.59990E-03 -3.40112E-03 -3.20201E-03 -3.00262E-03 -2.80300E-03 -2.60320E-03 -2.40325E-03 -2.20319E-03 -2.00304E-03 -1.80282E-03 -1.60256E-03 -1.40227E-03 -1.20196E-03 -1.00164E-03 -8.01314E-04 -6.00985E-04 -4.00656E-04 -2.00328E-04  0.00000E+00
  0.00000E+00 -2.67103E-04 -5.34207E-04 -8.01314E-04 -1.06842E-03 -1.33553E-03 -1.60264E-03 -1.86973E-03 -2.13680E-03 -2.40383E-03 -2.67082E-03 -2.93772E-03 -3.20451E-03 -3.47116E-03 -3.73762E-03 -4.00385E-03 -4.26978E-03 -4.53535E-03 -4.80049E-03 -5.06510E-03 -5.32911E-03 -5.59240E-03 -5.85485E-03 -6.11635E-03 -6.37676E-03 -6.63592E-03 -6.89367E-03 -7.14984E-03 -7.40425E-03 -7.65670E-03 -7.90697E-03 -8.15484E-03 -8.40008E-03 -8.64243E-03 -8.88164E-03 -9.11744E-03 -9.34953E-03 -9.57764E-03 -9.80145E-03 -1.00207E-02 -1.02349E-02 -1.04440E-02 -1.06474E-02 -1.08449E-02 -1.10362E-02 -1.12208E-02 -1.13986E-02 -1.15690E-02 -1.17318E-02 -1.18867E-02 -1.20333E-02 -1.21714E-02 -1.23005E-02 -1.24205E-02 -1.25311E-02 -1.26319E-02 -1.27228E-02 -1.28036E-02 -1.28740E-02 -1.29338E-02 -1.29830E-02 -1.30214E-02 -1.30489E-02 -1.30654E-02 -1.30710E-02 -1.30654E-02 -1.30489E-02 -1.30214E-02 -1.29830E-02 -1.29339E-02 -1.28740E-02 -1.28036E-02 -1.27229E-02 -1.26319E-02 -1.25311E-02 -1.24206E-02 -1.23006E-02 -1.21714E-02 -1.20334E-02 -1.18868E-02 -1.17319E-02 -1.15690E-02 -1.13986E-02 -1.12209E-02 -1.10362E-02 -1.08450E-02 -1.06474E-02 -1.04440E-02 -1.02350E-02 -1.00207E-02 -9.80147E-03 -9.57766E-03 -9.34955E-03 -9.11746E-03 -8.88166E-03 -8.64245E-03 -8.40009E-03 -8.15486E-03 -7.90698E-03 -7.65671E-03 -7.40427E-03 -7.14986E-03 -6.89368E-03 -6.63593E-03 -6.37677E-03 -6.11636E-03 -5.85486E-03 -5.59240E-03 -5.32911E-03 -5.06511E-03 -4.80049E-03 -4.53535E-03 -4.26978E-03 -4.00385E-03 -3.73762E-03 -3.47116E-03 -3.20451E-03 -2.93772E-03 -2.67082E-03 -2.40384E-03 -2.13680E-03 -1.86973E-03 -1.60264E-03 -1.33553E-03 -1.06842E-03 -8.01314E-04 -5.34208E-04 -2.67103E-04  0.00000E+00
  0.00000E+00 -3.33877E-04 -6.67756E-04 -1.00164E-03 -1.33553E-03 -1.66943E-03 -2.00332E-03 -2.33721E-03 -2.67107E-03 -3.00490E-03 -3.33867E-03 -3.67236E-03 -4.00592E-03 -4.33931E-03 -4.67248E-03 -5.00537E-03 -5.33791E-03 -5.67001E-03 -6.00159E-03 -6.33254E-03 -6.66274E-03 -6.99207E-03 -7.32038E-03 -7.64751E-03 -7.97329E-03 -8.29755E-03 -8.62006E-03 -8.94063E-03 -9.25901E-03 -9.57497E-03 -9.88823E-03 -1.01985E-02 -1.05055E-02 -1.08089E-02 -1.11085E-02 -1.14037E-02 -1.16944E-02 -1.19801E-02 -1.22605E-02 -1.25351E-02 -1.28035E-02 -1.30654E-02 -1.33204E-02 -1.35679E-02 -1.38076E-02 -1.40391E-02 -1.42619E-02 -1.44755E-02 -1.46797E-02 -1.48739E-02 -1.50577E-02 -1.52309E-02 -1.53928E-02 -1.55433E-02 -1.56820E-02 -1.58085E-02 -1.59225E-02 -1.60239E-02 -1.61122E-02 -1.61873E-02 -1.62490E-02 -1.62972E-02 -1.63317E-02 -1.63524E-02 -1.63593E-02 -1.63524E-02 -1.63317E-02 -1.62972E-02 -1.62490E-02 -1.61873E-02 -1.61122E-02 -1.60239E-02 -1.59226E-02 -1.58085E-02 -1.56820E-02 -1.55434E-02 -1.53929E-02 -1.52309E-02 -1.50578E-02 -1.48739E-02 -1.46797E-02 -1.44756E-02 -1.42619E-02 -1.40391E-02 -1.38076E-02 -1.35679E-02 -1.33204E-02 -1.30655E-02 -1.28036E-02 -1.25351E-02 -1.22605E-02 -1.19801E-02 -1.16944E-02 -1.14038E-02 -1.11085E-02 -1.08090E-02 -1.05055E-02 -1.01985E-02 -9.88824E-03 -9.57499E-03 -9.25903E-03 -8.94065E-03 -8.62008E-03 -8.29756E-03 -7.97331E-03 -7.64752E-03 -7.32039E-03 -6.99208E-03 -6.66275E-03 -6.33255E-03 -6.00160E-03 -5.67002E-03 -5.33791E-03 -5.00537E-03 -4.67248E-03 -4.33931E-03 -4.00592E-03 -3.67236E-03 -3.33868E-03 -3.00491E-03 -2.67107E-03 -2.33721E-03 -2.00332E-03 -1.66943E-03 -1.33553E-03 -1.00164E-03 -6.67757E-04 -3.33877E-04  0.00000E+00
  0.00000E+00 -4.00648E-04 -8.01300E-04 -1.20196E-03 -1.60264E-03 -2.00332E-03 -2.40401E-03 -2.80470E-03 -3.20538E-03 -3.60603E-03 -4.00662E-03 -4.40712E-03 -4.80749E-03 -5.20768E-03 -5.60762E-03 -6.00725E-03 -6.40647E-03 -6.80520E-03 -7.20333E-03 -7.60073E-03 -7.99725E-03 -8.39276E-03 -8.78708E-03 -9.18001E-03 -9.57136E-03 -9.96091E-03 -1.03484E-02 -1.07336E-02 -1.11162E-02 -1.14959E-02 -1.18725E-02 -1.22454E-02 -1.26145E-02 -1.29794E-02 -1.33395E-02 -1.36947E-02 -1.40443E-02 -1.43879E-02 -1.47252E-02 -1.50556E-02 -1.53787E-02 -1.56939E-02 -1.60007E-02 -1.62987E-02 -1.65873E-02 -1.68660E-02 -1.71342E-02 -1.73916E-02 -1.76375E-02 -1.78714E-02 -1.80929E-02 -1.83015E-02 -1.84966E-02 -1.86780E-02 -1.88451E-02 -1.89976E-02 -1.91350E-02 -1.92571E-02 -1.93636E-02 -1.94541E-02 -1.95285E-02 -1.95866E-02 -1.96282E-02 -1.96532E-02 -1.96615E-02 -1.96532E-02 -1.96282E-02 -1.95866E-02 -1.95285E-02 -1.94541E-02 -1.93636E-02 -1.92571E-02 -1.91350E-02 -1.89976E-02 -1.88451E-02 -1.86780E-02 -1.84967E-02 -1.83015E-02 -1.80929E-02 -1.78715E-02 -1.76375E-02 -1.73916E-02 -1.71343E-02 -1.68660E-02 -1.65873E-02 -1.62987E-02 -1.60008E-02 -1.56939E-02 -1.53787E-02 -1.50557E-02 -1.47252E-02 -1.43880E-02 -1.40443E-02 -1.36947E-02 -1.33396E-02 -1.29794E-02 -1.26146E-02 -1.22455E-02 -1.18725E-02 -1.14960E-02 -1.11162E-02 -1.07336E-02 -1.03484E-02 -9.96093E-03 -9.57138E-03 -9.18003E-03 -8.78709E-03 -8.39277E-03 -7.99726E-03 -7.60073E-03 -7.20334E-03 -6.80521E-03 -6.40648E-03 -6.00725E-03 -5.60762E-03 -5.20768E-03 -4.80749E-03 -4.40712E-03 -4.00662E-03 -3.60603E-03 -3.20539E-03 -2.80471E-03 -2.40401E-03 -2.00332E-03 -1.60264E-03 -1.20196E-03 -8.01301E-04 -4.00648E-04  0.00000E+00
  0.00000E+00 -4.67414E-04 -9.34835E-04 -1.40227E-03 -1.86973E-03 -2.33721E-03 -2.80470E-03 -3.27221E-03 -3.73973E-03 -4.20722E-03 -4.67466E-03 -5.14202E-03 -5.60925E-03 -6.07629E-03 -6.54307E-03 -7.00952E-03 -7.47553E-03 -7.94100E-03 -8.40579E-03 -8.86978E-03 -9.33279E-03 -9.79465E-03 -1.02552E-02 -1.07141E-02 -1.11712E-02 -1.16263E-02 -1.20791E-02 -1.25292E-02 -1.29763E-02 -1.34201E-02 -1.38602E-02 -1.42963E-02 -1.47278E-02 -1.51545E-02 -1.55757E-02 -1.59911E-02 -1.64001E-02 -1.68022E-02 -1.71968E-02 -1.75835E-02 -1.79617E-02 -1.83307E-02 -1.86899E-02 -1.90389E-02 -1.93769E-02 -1.97033E-02 -2.00176E-02 -2.03191E-02 -2.06072E-02 -2.08814E-02 -2.11410E-02 -2.13855E-02 -2.16143E-02 -2.18269E-02 -2.20228E-02 -2.22016E-02 -2.23628E-02 -2.25060E-02 -2.26309E-02 -2.27371E-02 -2.28244E-02 -2.28925E-02 -2.29413E-02 -2.29706E-02 -2.29804E-02 -2.29706E-02 -2.29413E-02 -2.28925E-02 -2.28244E-02 -2.27371E-02 -2.26309E-02 -2.25061E-02 -2.23629E-02 -2.22017E-02 -2.20229E-02 -2.18269E-02 -2.16143E-02 -2.13855E-02 -2.11410E-02 -2.08814E-02 -2.06073E-02 -2.03191E-02 -2.00176E-02 -1.97034E-02 -1.93769E-02 -1.90389E-02 -1.86900E-02 -1.83307E-02 -1.79617E-02 -1.75836E-02 -1.71969E-02 -1.68022E-02 -1.64001E-02 -1.59911E-02 -1.55757E-02 -1.51545E-02 -1.47279E-02 -1.42963E-02 -1.38602E-02 -1.34201E-02 -1.29763E-02 -1.25292E-02 -1.20791E-02 -1.16263E-02 -1.11713E-02 -1.07141E-02 -1.02552E-02 -9.79466E-03 -9.33280E-03 -8.86979E-03 -8.40580E-03 -7.94101E-03 -7.47554E-03 -7.00953E-03 -6.54308E-03 -6.07629E-03 -5.60925E-03 -5.14202E-03 -4.67466E-03 -4.20722E-03 -3.73973E-03 -3.27222E-03 -2.80471E-03 -2.33721E-03 -1.86973E-03 -1.40227E-03 -9.34836E-04 -4.67414E-04  0.00000E+00
  0.00000E+00 -5.34172E-04 -1.06836E-03 -1.60256E-03 -2.13680E-03 -2.67107E-03 -3.20538E-03 -3.73973E-03 -4.27409E-03 -4.80845E-03 -5.34278E-03 -5.87705E-03 -6.41119E-03 -6.94516E-03 -7.47887E-03 -8.01223E-03 -8.54514E-03 -9.07746E-03 -9.60907E-03 -1.01398E-02 -1.06695E-02 -1.11979E-02 -1.17248E-02 -1.22500E-02 -1.27732E-02 -1.32941E-02 -1.38124E-02 -1.43277E-02 -1.48397E-02 -1.53479E-02 -1.58521E-02 -1.63516E-02 -1.68460E-02 -1.73349E-02 -1.78177E-02 -1.82938E-02 -1.87627E-02 -1.92238E-02 -1.96764E-02 -2.01200E-02 -2.05538E-02 -2.09772E-02 -2.13895E-02 -2.17900E-02 -2.21780E-02 -2.25528E-02 -2.29137E-02 -2.32600E-02 -2.35909E-02 -2.39059E-02 -2.42042E-02 -2.44851E-02 -2.47481E-02 -2.49925E-02 -2.52177E-02 -2.54233E-02 -2.56086E-02 -2.57733E-02 -2.59169E-02 -2.60390E-02 -2.61394E-02 -2.62177E-02 -2.62739E-02 -2.63076E-02 -2.63189E-02 -2.63076E-02 -2.62739E-02 -2.62178E-02 -2.61394E-02 -2.60391E-02 -2.59169E-02 -2.57733E-02 -2.56087E-02 -2.54233E-02 -2.52178E-02 -2.49925E-02 -2.47481E-02 -2.44852E-02 -2.42042E-02 -2.39060E-02 -2.35910E-02 -2.32600E-02 -2.29137E-02 -2.25529E-02 -2.21780E-02 -2.17900E-02 -2.13895E-02 -2.09772E-02 -2.05538E-02 -2.01200E-02 -1.96765E-02 -1.92239E-02 -1.87628E-02 -1.82939E-02 -1.78177E-02 -1.73350E-02 -1.68461E-02 -1.63516E-02 -1.58521E-02 -1.53480E-02 -1.48397E-02 -1.43277E-02 -1.38124E-02 -1.32941E-02 -1.27732E-02 -1.22500E-02 -1.17248E-02 -1.11979E-02 -1.06695E-02 -1.01398E-02 -9.60908E-03 -9.07747E-03 -8.54514E-03 -8.01224E-03 -7.47887E-03 -6.94516E-03 -6.41120E-03 -5.87705E-03 -5.34278E-03 -4.80845E-03 -4.27409E-03 -3.73973E-03 -3.20538E-03 -2.67107E-03 -2.13680E-03 -1.60256E-03 -1.06836E-03 -5.34172E-04  0.00000E+00
  0.00000E+00 -6.00918E-04 -1.20185E-03 -1.80282E-03 -2.40383E-03 -3.00490E-03 -3.60603E-03 -4.20722E-03 -4.80845E-03 -5.40971E-03 -6.01097E-03 -6.61219E-03 -7.21332E-03 -7.81428E-03 -8.41501E-03 -9.01539E-03 -9.61532E-03 -1.02147E-02 -1.08132E-02 -1.14109E-02 -1.20074E-02 -1.26026E-02 -1.31962E-02 -1.37879E-02 -1.43774E-02 -1.49644E-02 -1.55486E-02 -1.61295E-02 -1.67068E-02 -1.72799E-02 -1.78485E-02 -1.84120E-02 -1.89698E-02 -1.95215E-02 -2.00664E-02 -2.06038E-02 -2.11332E-02 -2.16539E-02 -2.21651E-02 -2.26662E-02 -2.31563E-02 -2.36348E-02 -2.41008E-02 -2.45536E-02 -2.49923E-02 -2.54162E-02 -2.58244E-02 -2.62162E-02 -2.65906E-02 -2.69471E-02 -2.72847E-02 -2.76027E-02 -2.79005E-02 -2.81772E-02 -2.84323E-02 -2.86651E-02 -2.88751E-02 -2.90616E-02 -2.92243E-02 -2.93627E-02 -2.94764E-02 -2.95652E-02 -2.96288E-02 -2.96670E-02 -2.96798E-02 -2.96670E-02 -2.96288E-02 -2.95652E-02 -2.94765E-02 -2.93627E-02 -2.92243E-02 -2.90617E-02 -2.88751E-02 -2.86652E-02 -2.84324E-02 -2.81773E-02 -2.79006E-02 -2.76028E-02 -2.72848E-02 -2.69472E-02 -2.65907E-02 -2.62162E-02 -2.58245E-02 -2.54163E-02 -2.49924E-02 -2.45537E-02 -2.41009E-02 -2.36349E-02 -2.31564E-02 -2.26662E-02 -2.21652E-02 -2.16540E-02 -2.11333E-02 -2.06039E-02 -2.00664E-02 -1.95215E-02 -1.89699E-02 -1.84120E-02 -1.78485E-02 -1.72800E-02 -1.67068E-02 -1.61296E-02 -1.55486E-02 -1.49645E-02 -1.43774E-02 -1.37879E-02 -1.31962E-02 -1.26026E-02 -1.20074E-02 -1.14109E-02 -1.08132E-02 -1.02147E-02 -9.61533E-03 -9.01540E-03 -8.41502E-03 -7.81429E-03 -7.21332E-03 -6.61219E-03 -6.01097E-03 -5.40971E-03 -4.80845E-03 -4.20722E-03 -3.60603E-03 -3.00490E-03 -2.40384E-03 -1.80282E-03 -1.20185E-03 -6.00919E-04  0.00000E+00
  0.00000E+00 -6.67648E-04 -1.33532E-03 -2.00304E-03 -2.67082E-03 -3.33867E-03 -4.00662E-03 -4.67466E-03 -5.34278E-03 -6.01097E-03 -6.67920E-03 -7.34743E-03 -8.01560E-03 -8.68365E-03 -9.35149E-03 -1.00190E-02 -1.06861E-02 -1.13526E-02 -1.20183E-02 -1.26831E-02 -1.33467E-02 -1.40089E-02 -1.46694E-02 -1.53279E-02 -1.59841E-02 -1.66377E-02 -1.72881E-02 -1.79350E-02 -1.85780E-02 -1.92165E-02 -1.98500E-02 -2.04780E-02 -2.10998E-02 -2.17149E-02 -2.23225E-02 -2.29219E-02 -2.35125E-02 -2.40934E-02 -2.46640E-02 -2.52233E-02 -2.57705E-02 -2.63049E-02 -2.68254E-02 -2.73312E-02 -2.78215E-02 -2.82952E-02 -2.87516E-02 -2.91896E-02 -2.96084E-02 -3.00071E-02 -3.03848E-02 -3.07407E-02 -3.10739E-02 -3.13836E-02 -3.16692E-02 -3.19298E-02 -3.21649E-02 -3.23738E-02 -3.25560E-02 -3.27110E-02 -3.28384E-02 -3.29379E-02 -3.30091E-02 -3.30520E-02 -3.30662E-02 -3.30520E-02 -3.30091E-02 -3.29379E-02 -3.28385E-02 -3.27111E-02 -3.25561E-02 -3.23739E-02 -3.21650E-02 -3.19299E-02 -3.16693E-02 -3.13837E-02 -3.10740E-02 -3.07408E-02 -3.03849E-02 -3.00072E-02 -2.96085E-02 -2.91897E-02 -2.87517E-02 -2.82953E-02 -2.78216E-02 -2.73313E-02 -2.68255E-02 -2.63049E-02 -2.57706E-02 -2.52234E-02 -2.46640E-02 -2.40935E-02 -2.35125E-02 -2.29220E-02 -2.23225E-02 -2.17149E-02 -2.10999E-02 -2.04780E-02 -1.98501E-02 -1.92166E-02 -1.85780E-02 -1.79351E-02 -1.72881E-02 -1.66377E-02 -1.59842E-02 -1.53280E-02 -1.46694E-02 -1.40089E-02 -1.33467E-02 -1.26831E-02 -1.20183E-02 -1.13526E-02 -1.06861E-02 -1.00190E-02 -9.35150E-03 -8.68366E-03 -8.01561E-03 -7.34743E-03 -6.67920E-03 -6.01097E-03 -5.34278E-03 -4.67466E-03 -4.00662E-03 -3.33868E-03 -2.67082E-03 -2.00304E-03 -1.33532E-03 -6.67648E-04  0.00000E+00
  0.00000E+00 -7.34354E-04 -1.46874E-03 -2.20318E-03 -2.93772E-03 -3.67236E-03 -4.40712E-03 -5.14202E-03 -5.87705E-03 -6.61219E-03 -7.34743E-03 -8.08272E-03 -8.81801E-03 -9.55323E-03 -1.02883E-02 -1.10231E-02 -1.17575E-02 -1.24913E-02 -1.32244E-02 -1.39565E-02 -1.46874E-02 -1.54169E-02 -1.61447E-02 -1.68703E-02 -1.75936E-02 -1.83140E-02 -1.90311E-02 -1.97445E-02 -2.04537E-02 -2.11581E-02 -2.18571E-02 -2.25502E-02 -2.32366E-02 -2.39157E-02 -2.45867E-02 -2.52488E-02 -2.59014E-02 -2.65434E-02 -2.71741E-02 -2.77925E-02 -2.83977E-02 -2.89887E-02 -2.95647E-02 -3.01245E-02 -3.06672E-02 -3.11917E-02 -3.16971E-02 -3.21823E-02 -3.26463E-02 -3.30881E-02 -3.35068E-02 -3.39013E-02 -3.42707E-02 -3.46142E-02 -3.49310E-02 -3.52201E-02 -3.54809E-02 -3.57127E-02 -3.59149E-02 -3.60870E-02 -3.62284E-02 -3.63388E-02 -3.64179E-02 -3.64654E-02 -3.64813E-02 -3.64654E-02 -3.64179E-02 -3.63388E-02 -3.62284E-02 -3.60870E-02 -3.59150E-02 -3.57128E-02 -3.54810E-02 -3.52202E-02 -3.49310E-02 -3.46143E-02 -3.42708E-02 -3.39014E-02 -3.35068E-02 -3.30882E-02 -3.26464E-02 -3.21824E-02 -3.16972E-02 -3.11918E-02 -3.06673E-02 -3.01246E-02 -2.95648E-02 -2.89888E-02 -2.83978E-02 -2.77925E-02 -2.71741E-02 -2.65435E-02 -2.59014E-02 -2.52489E-02 -2.45867E-02 -2.39157E-02 -2.32366E-02 -2.25502E-02 -2.18572E-02 -2.11581E-02 -2.04537E-02 -1.97446E-02 -1.90311E-02 -1.83140E-02 -1.75936E-02 -1.68704E-02 -1.61447E-02 -1.54169E-02 -1.46874E-02 -1.39565E-02 -1.32244E-02 -1.24913E-02 -1.17575E-02 -1.10231E-02 -1.02883E-02 -9.55324E-03 -8.81802E-03 -8.08272E-03 -7.34743E-03 -6.61219E-03 -5.87705E-03 -5.14202E-03 -4.40712E-03 -3.67236E-03 -2.93772E-03 -2.20319E-03 -1.46874E-03 -7.34354E-04  0.00000E+00
  0.00000E+00 -8.01029E-04 -1.60210E-03 -2.40325E-03 -3.20451E-03 -4.00592E-03 -4.80749E-03 -5.60925E-03 -6.41119E-03 -7.21332E-03 -8.01560E-03 -8.81801E-03 -9.62049E-03 -1.04230E-02 -1.12254E-02 -1.20275E-02 -1.28294E-02 -1.36307E-02 -1.44313E-02 -1.52310E-02 -1.60296E-02 -1.68267E-02 -1.76220E-02 -1.84152E-02 -1.92058E-02 -1.99935E-02 -2.07779E-02 -2.15582E-02 -2.23342E-02 -2.31050E-02 -2.38702E-02 -2.46290E-02 -2.53807E-02 -2.61245E-02 -2.68597E-02 -2.75854E-02 -2.83007E-02 -2.90047E-02 -2.96964E-02 -3.03748E-02 -3.10390E-02 -3.16877E-02 -3.23201E-02 -3.29349E-02 -3.35310E-02 -3.41074E-02 -3.46628E-02 -3.51962E-02 -3.57064E-02 -3.61923E-02 -3.66528E-02 -3.70869E-02 -3.74935E-02 -3.78716E-02 -3.82203E-02 -3.85387E-02 -3.88259E-02 -3.90813E-02 -3.93040E-02 -3.94935E-02 -3.96493E-02 -3.97710E-02 -3.98581E-02 -3.99105E-02 -3.99280E-02 -3.99105E-02 -3.98581E-02 -3.97710E-02 -3.96494E-02 -3.94936E-02 -3.93041E-02 -3.90813E-02 -3.88260E-02 -3.85388E-02 -3.82204E-02 -3.78717E-02 -3.74936E-02 -3.70870E-02 -3.66529E-02 -3.61924E-02 -3.57065E-02 -3.51963E-02 -3.46629E-02 -3.41074E-02 -3.35311E-02 -3.29350E-02 -3.23202E-02 -3.16878E-02 -3.10390E-02 -3.03749E-02 -2.96965E-02 -2.90048E-02 -2.83008E-02 -2.75855E-02 -2.68598E-02 -2.61246E-02 -2.53807E-02 -2.46290E-02 -2.38702E-02 -2.31051E-02 -2.23342E-02 -2.15583E-02 -2.07779E-02 -1.99936E-02 -1.92058E-02 -1.84152E-02 -1.76220E-02 -1.68267E-02 -1.60296E-02 -1.52311E-02 -1.44314E-02 -1.36307E-02 -1.28294E-02 -1.20276E-02 -1.12254E-02 -1.04230E-02 -9.62050E-03 -8.81802E-03 -8.01561E-03 -7.21332E-03 -6.41120E-03 -5.60925E-03 -4.80749E-03 -4.00592E-03 -3.20451E-03 -2.40325E-03 -1.60210E-03 -8.01030E-04  0.00000E+00
  0.00000E+00 -8.67664E-04 -1.73538E-03 -2.60320E-03 -3.47116E-03 -4.33931E-03 -5.20768E-03 -6.07629E-03 -6.94516E-03 -7.81428E-03 -8.68365E-03 -9.55323E-03 -1.04230E-02 -1.12928E-02 -1.21626E-02 -1.30324E-02 -1.39018E-02 -1.47708E-02 -1.56392E-02 -1.65068E-02 -1.73732E-02 -1.82382E-02 -1.91014E-02 -1.99625E-02 -2.08210E-02 -2.16765E-02 -2.25285E-02 -2.33764E-02 -2.42197E-02 -2.50576E-02 -2.58896E-02 -2.67149E-02 -2.75326E-02 -2.83421E-02 -2.91423E-02 -2.99324E-02 -3.07114E-02 -3.14783E-02 -3.22320E-02 -3.29715E-02 -3.36956E-02 -3.44032E-02 -3.50930E-02 -3.57639E-02 -3.64146E-02 -3.70439E-02 -3.76505E-02 -3.82332E-02 -3.87907E-02 -3.93219E-02 -3.98254E-02 -4.03001E-02 -4.07448E-02 -4.11585E-02 -4.15400E-02 -4.18885E-02 -4.22029E-02 -4.24824E-02 -4.27263E-02 -4.29338E-02 -4.31045E-02 -4.32377E-02 -4.33331E-02 -4.33905E-02 -4.34097E-02 -4.33905E-02 -4.33332E-02 -4.32377E-02 -4.31045E-02 -4.29339E-02 -4.27263E-02 -4.24825E-02 -4.22029E-02 -4.18885E-02 -4.15401E-02 -4.11585E-02 -4.07449E-02 -4.03002E-02 -3.98255E-02 -3.93220E-02 -3.87909E-02 -3.82333E-02 -3.76506E-02 -3.70440E-02 -3.64147E-02 -3.57640E-02 -3.50931E-02 -3.44033E-02 -3.36957E-02 -3.29716E-02 -3.22321E-02 -3.14784E-02 -3.07115E-02 -2.99325E-02 -2.91424E-02 -2.83421E-02 -2.75327E-02 -2.67149E-02 -2.58897E-02 -2.50577E-02 -2.42197E-02 -2.33765E-02 -2.25285E-02 -2.16766E-02 -2.08210E-02 -1.99625E-02 -1.91014E-02 -1.82382E-02 -1.73732E-02 -1.65068E-02 -1.56393E-02 -1.47709E-02 -1.39018E-02 -1.30324E-02 -1.21626E-02 -1.12928E-02 -1.04230E-02 -9.55324E-03 -8.68366E-03 -7.81429E-03 -6.94516E-03 -6.07629E-03 -5.20768E-03 -4.33931E-03 -3.47116E-03 -2.60320E-03 -1.73538E-03 -8.67665E-04  0.00000E+00
  0.00000E+00 -9.34248E-04 -1.86856E-03 -2.80300E-03 -3.73762E-03 -4.67248E-03 -5.60762E-03 -6.54307E-03 -7.47887E-03 -8.41501E-03 -9.35149E-03 -1.02883E-02 -1.12254E-02 -1.21626E-02 -1.31000E-02 -1.40374E-02 -1.49747E-02 -1.59116E-02 -1.68480E-02 -1.77837E-02 -1.87182E-02 -1.96515E-02 -2.05830E-02 -2.15124E-02 -2.24392E-02 -2.33630E-02 -2.42832E-02 -2.51993E-02 -2.61105E-02 -2.70163E-02 -2.79158E-02 -2.88083E-02 -2.96929E-02 -3.05688E-02 -3.14350E-02 -3.22905E-02 -3.31342E-02 -3.39651E-02 -3.47819E-02 -3.55836E-02 -3.63688E-02 -3.71364E-02 -3.78849E-02 -3.86131E-02 -3.93196E-02 -4.00031E-02 -4.06622E-02 -4.12955E-02 -4.19015E-02 -4.24791E-02 -4.30267E-02 -4.35431E-02 -4.40271E-02 -4.44774E-02 -4.48928E-02 -4.52722E-02 -4.56147E-02 -4.59192E-02 -4.61849E-02 -4.64110E-02 -4.65970E-02 -4.67422E-02 -4.68462E-02 -4.69087E-02 -4.69296E-02 -4.69088E-02 -4.68462E-02 -4.67422E-02 -4.65970E-02 -4.64111E-02 -4.61849E-02 -4.59193E-02 -4.56148E-02 -4.52723E-02 -4.48929E-02 -4.44775E-02 -4.40272E-02 -4.35433E-02 -4.30268E-02 -4.24792E-02 -4.19016E-02 -4.12956E-02 -4.06623E-02 -4.00032E-02 -3.93197E-02 -3.86132E-02 -3.78850E-02 -3.71364E-02 -3.63689E-02 -3.55837E-02 -3.47820E-02 -3.39651E-02 -3.31343E-02 -3.22905E-02 -3.14351E-02 -3.05689E-02 -2.96930E-02 -2.88083E-02 -2.79158E-02 -2.70163E-02 -2.61106E-02 -2.51993E-02 -2.42833E-02 -2.33631E-02 -2.24393E-02 -2.15124E-02 -2.05830E-02 -1.96515E-02 -1.87183E-02 -1.77837E-02 -1.68480E-02 -1.59116E-02 -1.49747E-02 -1.40374E-02 -1.31000E-02 -1.21626E-02 -1.12254E-02 -1.02883E-02 -9.35150E-03 -8.41501E-03 -7.47887E-03 -6.54308E-03 -5.60762E-03 -4.67248E-03 -3.73762E-03 -2.80300E-03 -1.86856E-03 -9.34248E-04  0.00000E+00
  0.00000E+00 -1.00077E-03 -2.00161E-03 -3.00262E-03 -4.00385E-03 -5.00537E-03 -6.00725E-03 -7.00952E-03 -8.01223E-03 -9.01539E-03 -1.00190E-02 -1.10231E-02 -1.20275E-02 -1.30324E-02 -1.40374E-02 -1.50426E-02 -1.60479E-02 -1.70529E-02 -1.80575E-02 -1.90616E-02 -2.00646E-02 -2.10665E-02 -2.20667E-02 -2.30648E-02 -2.40605E-02 -2.50531E-02 -2.60421E-02 -2.70269E-02 -2.80068E-02 -2.89811E-02 -2.99490E-02 -3.09095E-02 -3.18620E-02 -3.28053E-02 -3.37384E-02 -3.46603E-02 -3.55698E-02 -3.64658E-02 -3.73470E-02 -3.82121E-02 -3.90597E-02 -3.98885E-02 -4.06971E-02 -4.14840E-02 -4.22477E-02 -4.29868E-02 -4.36997E-02 -4.43849E-02 -4.50409E-02 -4.56661E-02 -4.62592E-02 -4.68187E-02 -4.73431E-02 -4.78312E-02 -4.82816E-02 -4.86930E-02 -4.90644E-02 -4.93948E-02 -4.96830E-02 -4.99284E-02 -5.01302E-02 -5.02878E-02 -5.04008E-02 -5.04686E-02 -5.04913E-02 -5.04687E-02 -5.04008E-02 -5.02879E-02 -5.01303E-02 -4.99285E-02 -4.96831E-02 -4.93948E-02 -4.90645E-02 -4.86931E-02 -4.82817E-02 -4.78313E-02 -4.73433E-02 -4.68188E-02 -4.62594E-02 -4.56663E-02 -4.50410E-02 -4.43850E-02 -4.36998E-02 -4.29869E-02 -4.22478E-02 -4.14841E-02 -4.06972E-02 -3.98886E-02 -3.90598E-02 -3.82121E-02 -3.73471E-02 -3.64659E-02 -3.55699E-02 -3.46604E-02 -3.37385E-02 -3.28053E-02 -3.18620E-02 -3.09096E-02 -2.99490E-02 -2.89811E-02 -2.80069E-02 -2.70270E-02 -2.60422E-02 -2.50531E-02 -2.40605E-02 -2.30649E-02 -2.20667E-02 -2.10665E-02 -2.00647E-02 -1.90616E-02 -1.80576E-02 -1.70529E-02 -1.60479E-02 -1.50427E-02 -1.40374E-02 -1.30324E-02 -1.20276E-02 -1.10231E-02 -1.00190E-02 -9.01540E-03 -8.01223E-03 -7.00952E-03 -6.00725E-03 -5.00537E-03 -4.00385E-03 -3.00262E-03 -2.00162E-03 -1.00077E-03  0.00000E+00
  0.00000E+00 -1.06721E-03 -2.13451E-03 -3.20201E-03 -4.26978E-03 -5.33791E-03 -6.40647E-03 -7.47553E-03 -8.54514E-03 -9.61532E-03 -1.06861E-02 -1.17575E-02 -1.28294E-02 -1.39018E-02 -1.49747E-02 -1.60479E-02 -1.71212E-02 -1.81946E-02 -1.92677E-02 -2.03404E-02 -2.14123E-02 -2.24831E-02 -2.35524E-02 -2.46198E-02 -2.56848E-02 -2.67468E-02 -2.78052E-02 -2.88595E-02 -2.99088E-02 -3.09523E-02 -3.19894E-02 -3.30190E-02 -3.40401E-02 -3.50519E-02 -3.60530E-02 -3.70425E-02 -3.80190E-02 -3.89814E-02 -3.99281E-02 -4.08580E-02 -4.17694E-02 -4.26609E-02 -4.35310E-02 -4.43780E-02 -4.52005E-02 -4.59966E-02 -4.67648E-02 -4.75035E-02 -4.82109E-02 -4.88854E-02 -4.95254E-02 -5.01293E-02 -5.06956E-02 -5.12227E-02 -5.17092E-02 -5.21538E-02 -5.25553E-02 -5.29124E-02 -5.32241E-02 -5.34895E-02 -5.37077E-02 -5.38782E-02 -5.40003E-02 -5.40738E-02 -5.40983E-02 -5.40738E-02 -5.40004E-02 -5.38782E-02 -5.37078E-02 -5.34895E-02 -5.32241E-02 -5.29125E-02 -5.25554E-02 -5.21539E-02 -5.17093E-02 -5.12228E-02 -5.06957E-02 -5.01294E-02 -4.95255E-02 -4.88855E-02 -4.82110E-02 -4.75036E-02 -4.67650E-02 -4.59967E-02 -4.52006E-02 -4.43782E-02 -4.35311E-02 -4.26610E-02 -4.17695E-02 -4.08581E-02 -3.99282E-02 -3.89815E-02 -3.80191E-02 -3.70426E-02 -3.60531E-02 -3.50519E-02 -3.40402E-02 -3.30190E-02 -3.19894E-02 -3.09524E-02 -2.99088E-02 -2.88595E-02 -2.78053E-02 -2.67468E-02 -2.56848E-02 -2.46198E-02 -2.35525E-02 -2.24831E-02 -2.14123E-02 -2.03404E-02 -1.92677E-02 -1.81946E-02 -1.71212E-02 -1.60479E-02 -1.49747E-02 -1.39018E-02 -1.28294E-02 -1.17575E-02 -1.06861E-02 -9.61532E-03 -8.54514E-03 -7.47554E-03 -6.40648E-03 -5.33791E-03 -4.26978E-03 -3.20201E-03 -2.13451E-03 -1.06721E-03  0.00000E+00
  0.00000E+00 -1.13355E-03 -2.26722E-03 -3.40112E-03 -4.53535E-03 -5.67001E-03 -6.80520E-03 -7.94100E-03 -9.07746E-03 -1.02147E-02 -1.13526E-02 -1.24913E-02 -1.36307E-02 -1.47708E-02 -1.59116E-02 -1.70529E-02 -1.81946E-02 -1.93365E-02 -2.04784E-02 -2.16200E-02 -2.27611E-02 -2.39012E-02 -2.50401E-02 -2.61772E-02 -2.73120E-02 -2.84440E-02 -2.95726E-02 -3.06969E-02 -3.18164E-02 -3.29301E-02 -3.40373E-02 -3.51368E-02 -3.62278E-02 -3.73090E-02 -3.83794E-02 -3.94376E-02 -4.04825E-02 -4.15125E-02 -4.25263E-02 -4.35223E-02 -4.44990E-02 -4.54548E-02 -4.63879E-02 -4.72967E-02 -4.81795E-02 -4.90344E-02 -4.98596E-02 -5.06533E-02 -5.14138E-02 -5.21392E-02 -5.28277E-02 -5.34776E-02 -5.40871E-02 -5.46547E-02 -5.51788E-02 -5.56578E-02 -5.60905E-02 -5.64754E-02 -5.68114E-02 -5.70976E-02 -5.73330E-02 -5.75168E-02 -5.76486E-02 -5.77278E-02 -5.77543E-02 -5.77278E-02 -5.76486E-02 -5.75169E-02 -5.73330E-02 -5.70977E-02 -5.68115E-02 -5.64755E-02 -5.60906E-02 -5.56579E-02 -5.51789E-02 -5.46549E-02 -5.40873E-02 -5.34777E-02 -5.28278E-02 -5.21393E-02 -5.14139E-02 -5.06535E-02 -4.98597E-02 -4.90345E-02 -4.81796E-02 -4.72969E-02 -4.63880E-02 -4.54549E-02 -4.44991E-02 -4.35224E-02 -4.25264E-02 -4.15126E-02 -4.04825E-02 -3.94377E-02 -3.83794E-02 -3.73091E-02 -3.62278E-02 -3.51369E-02 -3.40373E-02 -3.29302E-02 -3.18165E-02 -3.06970E-02 -2.95726E-02 -2.84441E-02 -2.73121E-02 -2.61772E-02 -2.50401E-02 -2.39013E-02 -2.27611E-02 -2.16200E-02 -2.04784E-02 -1.93365E-02 -1.81946E-02 -1.70529E-02 -1.59116E-02 -1.47709E-02 -1.36307E-02 -1.24913E-02 -1.13526E-02 -1.02147E-02 -9.07747E-03 -7.94100E-03 -6.80521E-03 -5.67002E-03 -4.53535E-03 -3.40112E-03 -2.26722E-03 -1.13355E-03  0.00000E+00
  0.00000E+00 -1.19979E-03 -2.39971E-03 -3.59990E-03 -4.80049E-03 -6.00159E-03 -7.20333E-03 -8.40579E-03 -9.60907E-03 -1.08132E-02 -1.20183E-02 -1.32244E-02 -1.44313E-02 -1.56392E-02 -1.68480E-02 -1.80575E-02 -1.92677E-02 -2.04784E-02 -2.16893E-02 -2.29001E-02 -2.41107E-02 -2.53207E-02 -2.65295E-02 -2.77369E-02 -2.89421E-02 -3.01447E-02 -3.13440E-02 -3.25393E-02 -3.37298E-02 -3.49146E-02 -3.60927E-02 -3.72633E-02 -3.84251E-02 -3.95770E-02 -4.07178E-02 -4.18462E-02 -4.29607E-02 -4.40598E-02 -4.51421E-02 -4.62059E-02 -4.72495E-02 -4.82712E-02 -4.92692E-02 -5.02415E-02 -5.11864E-02 -5.21018E-02 -5.29858E-02 -5.38365E-02 -5.46518E-02 -5.54298E-02 -5.61686E-02 -5.68662E-02 -5.75207E-02 -5.81303E-02 -5.86934E-02 -5.92083E-02 -5.96733E-02 -6.00872E-02 -6.04487E-02 -6.07565E-02 -6.10098E-02 -6.12076E-02 -6.13494E-02 -6.14347E-02 -6.14631E-02 -6.14347E-02 -6.13494E-02 -6.12077E-02 -6.10098E-02 -6.07566E-02 -6.04488E-02 -6.00873E-02 -5.96734E-02 -5.92084E-02 -5.86935E-02 -5.81305E-02 -5.75208E-02 -5.68663E-02 -5.61687E-02 -5.54300E-02 -5.46520E-02 -5.38366E-02 -5.29859E-02 -5.21019E-02 -5.11865E-02 -5.02416E-02 -4.92693E-02 -4.82713E-02 -4.72496E-02 -4.62060E-02 -4.51422E-02 -4.40599E-02 -4.29608E-02 -4.18463E-02 -4.07179E-02 -3.95771E-02 -3.84252E-02 -3.72633E-02 -3.60928E-02 -3.49146E-02 -3.37298E-02 -3.25394E-02 -3.13441E-02 -3.01448E-02 -2.89422E-02 -2.77369E-02 -2.65296E-02 -2.53207E-02 -2.41108E-02 -2.29002E-02 -2.16893E-02 -2.04784E-02 -1.92677E-02 -1.80576E-02 -1.68480E-02 -1.56393E-02 -1.44314E-02 -1.32244E-02 -1.20183E-02 -1.08132E-02 -9.60908E-03 -8.40580E-03 -7.20333E-03 -6.00160E-03 -4.80049E-03 -3.59990E-03 -2.39971E-03 -1.19979E-03  0.00000E+00
  0.00000E+00 -1.26588E-03 -2.53192E-03 -3.79828E-03 -5.06510E-03 -6.33254E-03 -7.60073E-03 -8.86978E-03 -1.01398E-02 -1.14109E-02 -1.26831E-02 -1.39565E-02 -1.52310E-02 -1.65068E-02 -1.77837E-02 -1.90616E-02 -2.03404E-02 -2.16200E-02 -2.29001E-02 -2.41806E-02 -2.54611E-02 -2.67412E-02 -2.80205E-02 -2.92986E-02 -3.05748E-02 -3.18487E-02 -3.31195E-02 -3.43865E-02 -3.56488E-02 -3.69056E-02 -3.81558E-02 -3.93984E-02 -4.06323E-02 -4.18562E-02 -4.30687E-02 -4.42686E-02 -4.54542E-02 -4.66241E-02 -4.77765E-02 -4.89098E-02 -5.00220E-02 -5.11114E-02 -5.21760E-02 -5.32138E-02 -5.42227E-02 -5.52006E-02 -5.61454E-02 -5.70550E-02 -5.79271E-02 -5.87597E-02 -5.95507E-02 -6.02978E-02 -6.09991E-02 -6.16525E-02 -6.22563E-02 -6.28084E-02 -6.33074E-02 -6.37516E-02 -6.41395E-02 -6.44700E-02 -6.47420E-02 -6.49544E-02 -6.51067E-02 -6.51983E-02 -6.52289E-02 -6.51983E-02 -6.51068E-02 -6.49545E-02 -6.47420E-02 -6.44701E-02 -6.41396E-02 -6.37517E-02 -6.33075E-02 -6.28086E-02 -6.22564E-02 -6.16527E-02 -6.09992E-02 -6.02979E-02 -5.95508E-02 -5.87599E-02 -5.79273E-02 -5.70551E-02 -5.61455E-02 -5.52007E-02 -5.42228E-02 -5.32139E-02 -5.21761E-02 -5.11115E-02 -5.00221E-02 -4.89099E-02 -4.77766E-02 -4.66242E-02 -4.54543E-02 -4.42687E-02 -4.30688E-02 -4.18563E-02 -4.06324E-02 -3.93985E-02 -3.81559E-02 -3.69057E-02 -3.56489E-02 -3.43866E-02 -3.31196E-02 -3.18488E-02 -3.05749E-02 -2.92986E-02 -2.80205E-02 -2.67412E-02 -2.54611E-02 -2.41806E-02 -2.29002E-02 -2.16200E-02 -2.03404E-02 -1.90616E-02 -1.77837E-02 -1.65068E-02 -1.52311E-02 -1.39565E-02 -1.26831E-02 -1.14109E-02 -1.01398E-02 -8.86978E-03 -7.60073E-03 -6.33254E-03 -5.06511E-03 -3.79828E-03 -2.53192E-03 -1.26588E-03  0.00000E+00
  0.00000E+00 -1.33182E-03 -2.66382E-03 -3.99619E-03 -5.32911E-03 -6.66274E-03 -7.99725E-03 -9.33279E-03 -1.06695E-02 -1.20074E-02 -1.33467E-02 -1.46874E-02 -1.60296E-02 -1.73732E-02 -1.87182E-02 -2.00646E-02 -2.14123E-02 -2.27611E-02 -2.41107E-02 -2.54611E-02 -2.68118E-02 -2.81624E-02 -2.95127E-02 -3.08621E-02 -3.22100E-02 -3.35558E-02 -3.48989E-02 -3.62384E-02 -3.75734E-02 -3.89032E-02 -4.02265E-02 -4.15424E-02 -4.28495E-02 -4.41466E-02 -4.54324E-02 -4.67052E-02 -4.79636E-02 -4.92058E-02 -5.04300E-02 -5.16346E-02 -5.28174E-02 -5.39764E-02 -5.51097E-02 -5.62149E-02 -5.72899E-02 -5.83325E-02 -5.93402E-02 -6.03109E-02 -6.12420E-02 -6.21314E-02 -6.29765E-02 -6.37753E-02 -6.45253E-02 -6.52245E-02 -6.58706E-02 -6.64619E-02 -6.69963E-02 -6.74721E-02 -6.78879E-02 -6.82421E-02 -6.85336E-02 -6.87614E-02 -6.89247E-02 -6.90230E-02 -6.90557E-02 -6.90230E-02 -6.89248E-02 -6.87615E-02 -6.85337E-02 -6.82422E-02 -6.78880E-02 -6.74722E-02 -6.69964E-02 -6.64620E-02 -6.58708E-02 -6.52246E-02 -6.45254E-02 -6.37754E-02 -6.29767E-02 -6.21315E-02 -6.12422E-02 -6.03110E-02 -5.93404E-02 -5.83326E-02 -5.72901E-02 -5.62150E-02 -5.51098E-02 -5.39765E-02 -5.28175E-02 -5.16347E-02 -5.04301E-02 -4.92059E-02 -4.79636E-02 -4.67053E-02 -4.54324E-02 -4.41467E-02 -4.28496E-02 -4.15424E-02 -4.02266E-02 -3.89032E-02 -3.75735E-02 -3.62384E-02 -3.48989E-02 -3.35559E-02 -3.22100E-02 -3.08621E-02 -2.95128E-02 -2.81625E-02 -2.68118E-02 -2.54611E-02 -2.41108E-02 -2.27611E-02 -2.14123E-02 -2.00647E-02 -1.87183E-02 -1.73732E-02 -1.60296E-02 -1.46874E-02 -1.33467E-02 -1.20074E-02 -1.06695E-02 -9.33279E-03 -7.99726E-03 -6.66275E-03 -5.32911E-03 -3.99619E-03 -2.66382E-03 -1.33182E-03  0.00000E+00
  0.00000E+00 -1.39757E-03 -2.79535E-03 -4.19356E-03 -5.59240E-03 -6.99207E-03 -8.39276E-03 -9.79465E-03 -1.11979E-02 -1.26026E-02 -1.40089E-02 -1.54169E-02 -1.68267E-02 -1.82382E-02 -1.96515E-02 -2.10665E-02 -2.24831E-02 -2.39012E-02 -2.53207E-02 -2.67412E-02 -2.81624E-02 -2.95841E-02 -3.10058E-02 -3.24270E-02 -3.38472E-02 -3.52657E-02 -3.66818E-02 -3.80946E-02 -3.95034E-02 -4.09071E-02 -4.23047E-02 -4.36950E-02 -4.50767E-02 -4.64485E-02 -4.78089E-02 -4.91563E-02 -5.04890E-02 -5.18054E-02 -5.31034E-02 -5.43811E-02 -5.56364E-02 -5.68673E-02 -5.80713E-02 -5.92462E-02 -6.03897E-02 -6.14992E-02 -6.25722E-02 -6.36062E-02 -6.45987E-02 -6.55471E-02 -6.64489E-02 -6.73014E-02 -6.81024E-02 -6.88493E-02 -6.95400E-02 -7.01721E-02 -7.07437E-02 -7.12528E-02 -7.16977E-02 -7.20769E-02 -7.23890E-02 -7.26329E-02 -7.28078E-02 -7.29130E-02 -7.29481E-02 -7.29130E-02 -7.28079E-02 -7.26330E-02 -7.23891E-02 -7.20770E-02 -7.16978E-02 -7.12529E-02 -7.07438E-02 -7.01722E-02 -6.95401E-02 -6.88495E-02 -6.81026E-02 -6.73016E-02 -6.64490E-02 -6.55473E-02 -6.45989E-02 -6.36064E-02 -6.25724E-02 -6.14993E-02 -6.03898E-02 -5.92464E-02 -5.80714E-02 -5.68674E-02 -5.56366E-02 -5.43812E-02 -5.31035E-02 -5.18055E-02 -5.04891E-02 -4.91564E-02 -4.78090E-02 -4.64486E-02 -4.50768E-02 -4.36951E-02 -4.23048E-02 -4.09072E-02 -3.95035E-02 -3.80947E-02 -3.66818E-02 -3.52657E-02 -3.38473E-02 -3.24271E-02 -3.10059E-02 -2.95842E-02 -2.81625E-02 -2.67412E-02 -2.53207E-02 -2.39013E-02 -2.24831E-02 -2.10665E-02 -1.96515E-02 -1.82382E-02 -1.68267E-02 -1.54169E-02 -1.40089E-02 -1.26026E-02 -1.11979E-02 -9.79465E-03 -8.39277E-03 -6.99207E-03 -5.59240E-03 -4.19356E-03 -2.79535E-03 -1.39757E-03  0.00000E+00
  0.00000E+00 -1.46310E-03 -2.92645E-03 -4.39029E-03 -5.85485E-03 -7.32038E-03 -8.78708E-03 -1.02552E-02 -1.17248E-02 -1.31962E-02 -1.46694E-02 -1.61447E-02 -1.76220E-02 -1.91014E-02 -2.05830E-02 -2.20667E-02 -2.35524E-02 -2.50401E-02 -2.65295E-02 -2.80205E-02 -2.95127E-02 -3.10058E-02 -3.24994E-02 -3.39931E-02 -3.54861E-02 -3.69779E-02 -3.84678E-02 -3.99550E-02 -4.14384E-02 -4.29172E-02 -4.43902E-02 -4.58562E-02 -4.73139E-02 -4.87618E-02 -5.01984E-02 -5.16220E-02 -5.30309E-02 -5.44233E-02 -5.57970E-02 -5.71500E-02 -5.84800E-02 -5.97849E-02 -6.10621E-02 -6.23091E-02 -6.35234E-02 -6.47023E-02 -6.58432E-02 -6.69432E-02 -6.79995E-02 -6.90095E-02 -6.99704E-02 -7.08793E-02 -7.17335E-02 -7.25306E-02 -7.32678E-02 -7.39429E-02 -7.45535E-02 -7.50976E-02 -7.55732E-02 -7.59787E-02 -7.63125E-02 -7.65735E-02 -7.67606E-02 -7.68732E-02 -7.69108E-02 -7.68732E-02 -7.67607E-02 -7.65736E-02 -7.63126E-02 -7.59788E-02 -7.55733E-02 -7.50977E-02 -7.45537E-02 -7.39430E-02 -7.32680E-02 -7.25307E-02 -7.17337E-02 -7.08794E-02 -6.99705E-02 -6.90097E-02 -6.79997E-02 -6.69433E-02 -6.58433E-02 -6.47025E-02 -6.35236E-02 -6.23092E-02 -6.10622E-02 -5.97850E-02 -5.84802E-02 -5.71501E-02 -5.57971E-02 -5.44234E-02 -5.30310E-02 -5.16221E-02 -5.01985E-02 -4.87619E-02 -4.73139E-02 -4.58563E-02 -4.43903E-02 -4.29173E-02 -4.14385E-02 -3.99550E-02 -3.84679E-02 -3.69780E-02 -3.54862E-02 -3.39931E-02 -3.24995E-02 -3.10059E-02 -2.95128E-02 -2.80205E-02 -2.65296E-02 -2.50401E-02 -2.35524E-02 -2.20667E-02 -2.05830E-02 -1.91014E-02 -1.76220E-02 -1.61447E-02 -1.46694E-02 -1.31962E-02 -1.17248E-02 -1.02552E-02 -8.78708E-03 -7.32038E-03 -5.85486E-03 -4.39029E-03 -2.92645E-03 -1.46310E-03  0.00000E+00
